199
108
100
132
600
154
1100
144
1600
170
2100
162
2600
159
3100
153
3600
158
4100
188
4600
167
5100
169
5600
168
6100
160
6600
168
7100
178
7600
171
8100
167
8600
190
9100
171
9600
167
10100
167
10600
178
11100
180
11600
174
12100
170
12600
174
13100
173
13600
172
14100
173
14600
183
15100
210
15600
190
16100
190
16600
185
17100
179
17600
183
18100
178
18600
182
19100
184
19600
179
20100
187
20600
180
21100
192
21600
184
22100
188
22600
182
23100
199
23600
185
24100
186
24600
184
25100
183
25600
183
26100
184
26600
185
27100
186
27600
185
28100
188
28600
186
29100
185
29600
206
30100
189
30600
187
31100
187
31600
188
32100
189
32600
193
33100
195
33600
187
34100
187
34600
197
35100
187
35600
208
36100
187
36600
199
37100
203
37600
193
38100
191
38600
207
39100
189
39600
218
40100
194
40600
193
41100
191
41600
194
42100
189
42600
191
43100
195
43600
193
44100
190
44600
198
45100
193
45600
195
46100
192
46600
207
47100
195
47600
195
48100
199
48600
196
49100
194
49600
196
50100
192
50600
201
51100
194
51600
196
52100
194
52600
197
53100
195
53600
196
54100
196
54600
201
55100
200
55600
212
56100
200
56600
205
57100
198
57600
196
58100
198
58600
196
59100
199
59600
200
60100
197
60600
200
61100
198
61600
208
62100
198
62600
198
63100
200
63600
213
64100
204
64600
202
65100
212
65600
204
66100
202
66600
200
67100
201
67600
201
68100
199
68600
201
69100
201
69600
201
70100
208
70600
203
71100
212
71600
204
72100
238
72600
208
73100
202
73600
201
74100
205
74600
214
75100
206
75600
201
76100
205
76600
206
77100
203
77600
201
78100
204
78600
207
79100
204
79600
206
80100
201
80600
218
81100
206
81600
204
82100
204
82600
223
83100
204
83600
203
84100
205
84600
203
85100
204
85600
207
86100
206
86600
206
87100
207
87600
227
88100
211
88600
219
89100
208
89600
205
90100
209
90600
208
91100
205
91600
209
92100
206
92600
208
93100
207
93600
206
94100
207
94600
206
95100
208
95600
206
96100
207
96600
210
97100
217
97600
215
98100
212
98600
212
99100
211
99600
